0.000010 0.000010 0.000010 0.000010 0.000010 0.000010 0.996609 0.003331
0.000010 0.000010 0.000010 0.000010 0.000010 0.000010 0.999930 0.000010
0.000010 0.000010 0.000010 0.000010 0.000010 0.000010 0.999930 0.000010
0.000010 0.000010 0.000010 0.000010 0.000010 0.000010 0.999930 0.000010
0.000010 0.000010 0.000010 0.000010 0.000010 0.000010 0.999930 0.000010
0.000010 0.000010 0.000010 0.000010 0.000010 0.000010 0.999930 0.000010
0.000010 0.000010 0.000010 0.018150 0.000010 0.000010 0.981790 0.000010
0.000010 0.000010 0.000010 0.000010 0.000010 0.000010 0.999930 0.000010
0.000010 0.000010 0.000010 0.000010 0.000010 0.000462 0.999478 0.000010
0.000010 0.000010 0.000010 0.000010 0.000010 0.000010 0.999930 0.000010
0.427394 0.043026 0.023836 0.005292 0.005801 0.046808 0.423251 0.024593
0.514766 0.076506 0.009355 0.000010 0.001483 0.032071 0.341071 0.024738
0.506899 0.051485 0.035951 0.003593 0.018171 0.038220 0.333304 0.012376
0.518711 0.054272 0.050859 0.000010 0.020982 0.038452 0.277905 0.038810
0.519066 0.034702 0.046686 0.020929 0.022762 0.030161 0.300969 0.024724
0.508777 0.029931 0.038705 0.022271 0.034901 0.035900 0.317615 0.011900
0.478234 0.030007 0.048102 0.019381 0.011924 0.037707 0.352973 0.021672
0.476667 0.042454 0.027441 0.010583 0.000010 0.046304 0.374643 0.021898
0.483150 0.035141 0.032975 0.020671 0.013128 0.042265 0.341619 0.031050
0.454414 0.034159 0.038154 0.009562 0.006475 0.041245 0.400553 0.015439
0.512489 0.056687 0.053755 0.007247 0.011521 0.041357 0.293921 0.023022
0.508569 0.046626 0.027385 0.009559 0.004738 0.044920 0.331485 0.026718
0.528949 0.040309 0.029599 0.018334 0.000010 0.044068 0.315718 0.023014
0.425034 0.037241 0.035347 0.007036 0.014059 0.044794 0.423301 0.013187
0.000010 0.299251 0.000010 0.000010 0.000010 0.000010 0.700689 0.000010
0.000010 0.308418 0.000010 0.000010 0.000010 0.000010 0.379467 0.312065
0.000010 0.281363 0.000010 0.000010 0.000010 0.000010 0.413914 0.304674
0.000010 0.475434 0.000010 0.114770 0.000010 0.000010 0.292499 0.117258
0.000010 0.236249 0.000010 0.000010 0.000010 0.000010 0.472774 0.290927
0.000010 0.000010 0.000010 0.000010 0.000010 0.000010 0.162228 0.837712
0.038550 0.044355 0.000010 0.561862 0.016606 0.072116 0.255861 0.010640
0.178144 0.091795 0.034025 0.055023 0.026012 0.014832 0.599004 0.001165
0.230002 0.207072 0.039170 0.076827 0.003927 0.017973 0.400965 0.024065
0.414376 0.019965 0.000010 0.096331 0.033791 0.019094 0.404820 0.011613
0.428197 0.045720 0.000010 0.062597 0.000010 0.018273 0.435237 0.009956
0.449650 0.020873 0.000010 0.024328 0.018360 0.017197 0.454708 0.014874
0.410759 0.026089 0.000010 0.050211 0.013028 0.013674 0.470138 0.016091
0.347599 0.028230 0.000010 0.094133 0.006020 0.013355 0.500135 0.010518
0.400743 0.010227 0.000010 0.141131 0.000010 0.008203 0.439666 0.000010
0.369613 0.005490 0.000010 0.111760 0.011525 0.020940 0.477445 0.003216
0.418832 0.017820 0.000010 0.012343 0.004975 0.017910 0.501186 0.026925
0.420796 0.016216 0.004729 0.017425 0.005673 0.018234 0.506067 0.010860
0.380390 0.015043 0.002114 0.012237 0.001376 0.030494 0.536713 0.021633
0.470942 0.011396 0.002152 0.023390 0.004048 0.020211 0.461026 0.006835
0.436832 0.014781 0.001199 0.005694 0.012775 0.026605 0.500578 0.001536
0.048942 0.250543 0.010774 0.403250 0.004087 0.013822 0.246773 0.021809
0.070709 0.252278 0.008968 0.408873 0.005771 0.012035 0.225867 0.015498
0.064262 0.242459 0.005785 0.384118 0.006145 0.013653 0.265256 0.018320
0.082539 0.231619 0.000245 0.386165 0.006150 0.016937 0.259434 0.016912
0.125898 0.243541 0.118861 0.051914 0.042116 0.026894 0.356272 0.034505
0.374201 0.038008 0.000010 0.119258 0.031298 0.012293 0.400091 0.024840
0.071075 0.361474 0.087536 0.088826 0.031656 0.014086 0.328702 0.016645
0.389298 0.041219 0.000010 0.063210 0.000010 0.034707 0.458423 0.013123
0.099114 0.271636 0.067060 0.098212 0.014767 0.015012 0.405783 0.028415
0.262156 0.130258 0.015941 0.085935 0.031303 0.013310 0.451712 0.009386
0.352917 0.165020 0.012403 0.054728 0.001004 0.020626 0.393291 0.000010
0.294534 0.126479 0.017214 0.044894 0.000980 0.015450 0.483144 0.017305
0.466077 0.016322 0.000010 0.018955 0.001368 0.021385 0.473366 0.002517
0.495620 0.001360 0.000010 0.000664 0.012554 0.028712 0.435639 0.025440
0.533084 0.031650 0.000010 0.000010 0.000010 0.015096 0.416342 0.003798
0.463042 0.010467 0.004796 0.019266 0.005891 0.022505 0.466926 0.007108
0.487501 0.000010 0.000010 0.013375 0.014521 0.019234 0.455390 0.009960
0.315153 0.000010 0.011204 0.126938 0.019595 0.012864 0.493796 0.020438
0.062822 0.249470 0.006891 0.370558 0.022609 0.014769 0.259587 0.013293
0.063544 0.219418 0.010485 0.388090 0.010537 0.020017 0.270043 0.017867
0.463146 0.029006 0.000010 0.027311 0.005321 0.025166 0.450028 0.000010
0.414199 0.024181 0.002526 0.058657 0.019075 0.017767 0.451969 0.011626
0.418372 0.025780 0.000010 0.041895 0.018307 0.019833 0.455623 0.020180
0.165053 0.188196 0.007853 0.187622 0.009744 0.009424 0.424230 0.007878
0.082664 0.271948 0.002931 0.382498 0.000025 0.014515 0.217599 0.027819
0.045346 0.220771 0.008539 0.396370 0.031210 0.013889 0.264713 0.019161
0.442548 0.021706 0.000010 0.011058 0.012379 0.012574 0.498856 0.000869
0.070696 0.344248 0.004530 0.368934 0.000010 0.014312 0.175664 0.021606
0.058404 0.309091 0.022031 0.378497 0.019253 0.015164 0.180836 0.016723
0.440460 0.016560 0.000010 0.013267 0.018304 0.020014 0.480812 0.010573
0.429609 0.031435 0.000010 0.025081 0.000574 0.018043 0.486821 0.008428
0.466760 0.040245 0.004628 0.011476 0.000010 0.016770 0.438131 0.021979
0.348445 0.078678 0.000010 0.105148 0.000010 0.015901 0.434548 0.017259
0.488854 0.029627 0.000010 0.016946 0.000570 0.017140 0.436773 0.010081
0.500475 0.032375 0.000010 0.006235 0.000010 0.019227 0.426882 0.014786
0.071979 0.168900 0.007561 0.459109 0.031267 0.017646 0.243528 0.000010
0.074610 0.108242 0.000010 0.500922 0.013396 0.020649 0.266748 0.015422
0.297946 0.115222 0.006157 0.041463 0.012150 0.016216 0.497811 0.013036
0.308454 0.101830 0.004220 0.051663 0.009875 0.017455 0.490692 0.015811
0.037986 0.121610 0.000274 0.507992 0.020638 0.012829 0.289224 0.009448
0.040021 0.127391 0.005512 0.502137 0.012483 0.013147 0.286470 0.012839
0.025050 0.375557 0.014019 0.297094 0.007793 0.013793 0.217520 0.049173
0.041413 0.291490 0.013601 0.356511 0.000010 0.016609 0.249984 0.030381
0.043620 0.152576 0.025415 0.466015 0.000010 0.009937 0.295257 0.007170
0.059188 0.129000 0.000010 0.493561 0.018487 0.011811 0.281368 0.006574
0.045564 0.075714 0.012743 0.522211 0.022619 0.009326 0.311812 0.000010
0.069281 0.131226 0.002147 0.487974 0.013666 0.018602 0.271194 0.005910
0.062405 0.125231 0.000010 0.467840 0.027091 0.012991 0.293200 0.011233
0.038137 0.077720 0.005922 0.539750 0.014298 0.017639 0.299327 0.007207
0.053719 0.148674 0.007705 0.463431 0.014732 0.017657 0.283221 0.010860
0.036512 0.102352 0.002471 0.498836 0.012419 0.011282 0.324535 0.011593
0.057852 0.110349 0.000010 0.494001 0.025077 0.016674 0.280946 0.015090
0.020940 0.363159 0.034600 0.329220 0.023318 0.012790 0.167464 0.048508
0.051214 0.105273 0.021274 0.499066 0.039563 0.024521 0.258818 0.000271
0.068030 0.123505 0.000010 0.460430 0.002267 0.013305 0.326535 0.005917
0.046059 0.115637 0.006145 0.477726 0.018705 0.011838 0.312780 0.011111
0.052244 0.335645 0.095033 0.075324 0.041337 0.016316 0.371249 0.012852
0.279433 0.059247 0.000010 0.154447 0.030209 0.012892 0.452585 0.011176
0.394570 0.028168 0.000010 0.088007 0.004344 0.024695 0.450753 0.009452
0.371551 0.089300 0.000010 0.184821 0.000010 0.020007 0.326729 0.007574
0.454769 0.049758 0.000010 0.042316 0.000018 0.014984 0.438135 0.000010
0.372450 0.049955 0.000010 0.128373 0.000010 0.016070 0.426629 0.006503
0.426727 0.009661 0.000010 0.121666 0.011901 0.019807 0.399384 0.010844
0.077200 0.332365 0.017574 0.354095 0.000010 0.014735 0.187872 0.016150
0.345854 0.061987 0.017887 0.085872 0.005057 0.012787 0.454823 0.015733
0.349197 0.045437 0.000010 0.089240 0.000010 0.018813 0.490032 0.007262
0.498040 0.058190 0.000010 0.034236 0.004900 0.014183 0.378246 0.012195
0.428151 0.033851 0.003271 0.035270 0.016709 0.016464 0.449620 0.016664
0.465230 0.064182 0.000010 0.043449 0.007398 0.010543 0.409179 0.000010
0.435128 0.032883 0.000010 0.034896 0.006173 0.020433 0.460935 0.009542
0.514644 0.029350 0.000010 0.007358 0.000010 0.016811 0.431542 0.000274
0.317551 0.005246 0.001741 0.110677 0.008366 0.023587 0.523480 0.009354
0.300465 0.019696 0.002100 0.097887 0.010561 0.032544 0.525403 0.011344
0.311696 0.019844 0.003839 0.094912 0.004104 0.036436 0.517279 0.011890
0.055420 0.054557 0.000010 0.535088 0.008233 0.023419 0.323264 0.000010
0.053631 0.085856 0.006444 0.501718 0.014408 0.017258 0.301659 0.019025
0.038998 0.103673 0.010970 0.495963 0.000010 0.014274 0.317431 0.018680
0.031602 0.221719 0.001861 0.442453 0.000010 0.015385 0.266022 0.020948
0.036081 0.113851 0.000010 0.485258 0.019657 0.008430 0.324675 0.012037
0.063685 0.069598 0.005523 0.497789 0.000010 0.008234 0.346709 0.008453
0.056508 0.066030 0.000010 0.515711 0.019730 0.004085 0.325252 0.012674
0.056568 0.073831 0.000010 0.521580 0.028309 0.015776 0.302423 0.001502
0.049526 0.046407 0.000010 0.522042 0.028072 0.013574 0.331464 0.008905
0.042856 0.079510 0.001927 0.534441 0.015520 0.015134 0.307202 0.003410
0.075999 0.071070 0.003817 0.520596 0.013800 0.013937 0.289231 0.011551
0.041358 0.049961 0.008846 0.513901 0.020269 0.017393 0.339927 0.008345
0.053633 0.065399 0.005260 0.520052 0.011907 0.013122 0.321329 0.009299
0.062060 0.075117 0.005295 0.492012 0.038810 0.011327 0.305333 0.010046
0.038912 0.051643 0.005995 0.514612 0.028464 0.016623 0.339516 0.004235
0.052401 0.074247 0.000010 0.498130 0.022116 0.014440 0.332860 0.005797
0.042017 0.059008 0.004586 0.498202 0.011817 0.017804 0.359034 0.007532
0.075513 0.084627 0.010465 0.493296 0.003427 0.020423 0.306692 0.005558
0.052816 0.082551 0.006078 0.487133 0.017788 0.016019 0.327367 0.010247
0.057300 0.085842 0.000010 0.502494 0.017470 0.013243 0.310252 0.013389
0.382286 0.025591 0.003266 0.016403 0.011217 0.019553 0.536165 0.005518
0.439215 0.005173 0.004347 0.022337 0.006471 0.029612 0.483086 0.009760
0.427121 0.016243 0.001522 0.030940 0.008809 0.020909 0.475585 0.018870
0.415494 0.029434 0.002570 0.020727 0.002368 0.026186 0.494965 0.008255
0.463438 0.035630 0.000010 0.014220 0.004694 0.027108 0.440001 0.014898
0.476360 0.023607 0.000010 0.018560 0.002713 0.029235 0.442929 0.006586
0.437303 0.009220 0.000010 0.018959 0.000914 0.023910 0.502662 0.007023
0.420270 0.015074 0.000010 0.025605 0.008700 0.023360 0.500706 0.006274
0.435174 0.014946 0.000010 0.012439 0.014023 0.025353 0.486830 0.011225
0.261474 0.049134 0.002570 0.248162 0.009594 0.020705 0.405476 0.002885
0.045626 0.072602 0.007972 0.488502 0.015317 0.015187 0.345858 0.008936
0.061139 0.071861 0.002535 0.522860 0.010695 0.018023 0.307283 0.005605
0.078295 0.097676 0.000010 0.493084 0.001016 0.015565 0.305477 0.008877
0.069718 0.065066 0.003398 0.499144 0.014166 0.024266 0.318007 0.006236
0.074905 0.067481 0.000010 0.495232 0.017143 0.017754 0.327465 0.000010
0.059590 0.100344 0.000010 0.470577 0.012799 0.017127 0.331393 0.008161
0.063783 0.106949 0.003646 0.501551 0.017256 0.018082 0.284359 0.004375
0.053602 0.054265 0.008618 0.486316 0.022773 0.017681 0.349125 0.007619
0.078653 0.057138 0.000010 0.497945 0.016620 0.018718 0.315225 0.015692
0.073460 0.088224 0.000010 0.473661 0.024549 0.016720 0.315114 0.008262
0.070363 0.065592 0.006615 0.490220 0.019852 0.012262 0.320897 0.014199
0.444718 0.011714 0.000010 0.031718 0.007555 0.018909 0.476388 0.008988
0.447644 0.026034 0.000354 0.017083 0.005277 0.021205 0.472465 0.009938
0.452735 0.000375 0.000010 0.013531 0.008295 0.023859 0.492214 0.008981
0.365104 0.081539 0.014532 0.021674 0.019475 0.014377 0.463766 0.019533
0.076992 0.055181 0.000010 0.528516 0.000010 0.010661 0.328619 0.000010
0.076092 0.064736 0.000010 0.495363 0.037486 0.010841 0.309382 0.006089
0.044857 0.206095 0.005122 0.362680 0.051548 0.008155 0.306759 0.014783
0.071464 0.223097 0.024490 0.392854 0.003781 0.014828 0.245273 0.024213
0.056069 0.234933 0.004852 0.412531 0.003234 0.010962 0.263891 0.013529
0.144493 0.208605 0.000010 0.266795 0.006218 0.005508 0.348806 0.019565
0.029712 0.211941 0.064077 0.379111 0.013745 0.016005 0.278952 0.006458
0.120188 0.159534 0.025818 0.275332 0.000010 0.012681 0.400071 0.006366
0.076730 0.228665 0.005861 0.432030 0.021855 0.022002 0.212847 0.000010
0.053908 0.245158 0.036152 0.398458 0.000690 0.012969 0.247872 0.004793
0.445888 0.088537 0.027418 0.011593 0.006732 0.030560 0.373636 0.015637
0.463386 0.000010 0.002108 0.015980 0.007020 0.024634 0.472449 0.014413
0.498246 0.039957 0.000010 0.025357 0.017018 0.018369 0.394513 0.006530
0.413203 0.026168 0.000010 0.007308 0.003570 0.018201 0.529436 0.002104
0.444632 0.020888 0.000010 0.007479 0.001386 0.019676 0.490374 0.015555
0.053621 0.061152 0.000010 0.492382 0.030287 0.016570 0.335616 0.010362
0.048510 0.070416 0.000010 0.479768 0.007925 0.010204 0.369386 0.013781
0.450563 0.000010 0.004596 0.009084 0.011419 0.016179 0.505707 0.002442
0.035376 0.047152 0.001996 0.507263 0.023663 0.014208 0.359776 0.010566
0.054808 0.094221 0.000010 0.471825 0.019377 0.009861 0.340719 0.009180
0.066636 0.085552 0.001023 0.484520 0.006206 0.021300 0.330979 0.003785
0.062077 0.107446 0.000010 0.460765 0.008713 0.012496 0.336008 0.012484
0.473756 0.028498 0.000010 0.012663 0.010255 0.020940 0.442482 0.011396
0.057715 0.104020 0.003120 0.463634 0.001875 0.017768 0.342124 0.009744
0.500870 0.034420 0.002202 0.017137 0.000010 0.022992 0.418999 0.003371
0.059394 0.284083 0.053496 0.375551 0.000010 0.011788 0.187619 0.028059
0.121812 0.233377 0.042281 0.069315 0.005493 0.008028 0.499315 0.020379
0.384787 0.000010 0.000010 0.024382 0.000010 0.014305 0.562098 0.014398
0.447761 0.040548 0.000010 0.005676 0.005797 0.024517 0.473128 0.002563
0.066890 0.266488 0.000010 0.398402 0.001611 0.015374 0.225949 0.025276
0.423316 0.031254 0.012663 0.004908 0.014628 0.023427 0.475984 0.013820
0.050023 0.113914 0.001056 0.477368 0.000010 0.013829 0.337279 0.006521
0.529929 0.034716 0.000010 0.018110 0.005034 0.024689 0.379989 0.007523
0.062405 0.093898 0.000010 0.486386 0.017683 0.016532 0.323075 0.000010
0.410102 0.071410 0.009768 0.020084 0.008635 0.033276 0.431764 0.014963
0.051777 0.073761 0.000010 0.517410 0.008251 0.010515 0.327961 0.010315
0.159672 0.198948 0.036565 0.101868 0.018429 0.015399 0.461238 0.007880
0.170075 0.175315 0.032342 0.101959 0.022612 0.013607 0.475112 0.008977
0.273342 0.213973 0.018321 0.121006 0.023135 0.012112 0.338101 0.000010
0.199172 0.167962 0.013426 0.091267 0.008088 0.015413 0.485816 0.018857
0.298705 0.117051 0.000010 0.043645 0.013896 0.014680 0.504462 0.007551
0.289507 0.117862 0.009061 0.067307 0.018414 0.016549 0.470111 0.011188
0.218620 0.124714 0.014987 0.110220 0.023230 0.015620 0.473979 0.018630
0.280823 0.059833 0.011684 0.126263 0.028628 0.016382 0.464669 0.011718
0.230724 0.136231 0.017238 0.096465 0.013770 0.012780 0.469597 0.023195
0.193655 0.143004 0.025590 0.093546 0.014557 0.013030 0.502333 0.014285
0.183766 0.133874 0.031579 0.086503 0.020216 0.015974 0.513464 0.014625
0.224724 0.132208 0.035864 0.116251 0.009148 0.015721 0.434039 0.032046
0.310782 0.123088 0.000010 0.100763 0.000010 0.012287 0.453050 0.000010
0.404409 0.019775 0.002269 0.067685 0.001672 0.014226 0.484171 0.005793
0.353171 0.060276 0.002630 0.103133 0.000010 0.016059 0.454432 0.010290
0.365985 0.052415 0.000010 0.093332 0.000010 0.014417 0.466777 0.007053
0.189537 0.172213 0.041750 0.099134 0.037696 0.015853 0.437901 0.005917
0.214785 0.124824 0.023021 0.093557 0.015524 0.014163 0.509753 0.004373
0.461880 0.017788 0.001909 0.026721 0.000010 0.023212 0.463720 0.004760
0.144000 0.228492 0.022380 0.122327 0.010837 0.014391 0.435893 0.021680
0.141038 0.227732 0.036703 0.106520 0.018546 0.015889 0.449070 0.004502
0.167465 0.215967 0.054049 0.097249 0.017207 0.014595 0.423945 0.009523
0.198645 0.206319 0.033579 0.117395 0.013157 0.014924 0.411846 0.004137
0.201731 0.193784 0.035017 0.103808 0.045912 0.016895 0.402001 0.000851
0.156250 0.222919 0.031871 0.114515 0.005231 0.017544 0.442105 0.009565
0.218500 0.132963 0.024199 0.113402 0.014159 0.012200 0.477200 0.007377
0.188936 0.165037 0.035123 0.118993 0.000815 0.013244 0.469664 0.008189
0.217988 0.170636 0.000010 0.104168 0.022300 0.012190 0.458204 0.014504
0.192176 0.184337 0.022554 0.095032 0.027561 0.009688 0.459495 0.009159
0.254445 0.107840 0.017194 0.071703 0.047141 0.019869 0.474322 0.007487
0.192864 0.156361 0.041375 0.096049 0.026860 0.012725 0.459563 0.014203
0.392590 0.015110 0.000010 0.087977 0.000010 0.021415 0.469287 0.013601
0.228552 0.184116 0.041469 0.077621 0.040828 0.014597 0.399665 0.013152
0.195074 0.169451 0.045733 0.095882 0.018193 0.008760 0.446360 0.020548
0.161086 0.252180 0.030230 0.107219 0.031106 0.018759 0.392285 0.007135
0.126610 0.244509 0.057952 0.088424 0.033737 0.015138 0.416330 0.017299
0.182782 0.186333 0.033201 0.111836 0.024313 0.016871 0.429974 0.014688
0.204042 0.139246 0.000010 0.141151 0.002404 0.014093 0.484999 0.014055
0.202715 0.169037 0.015235 0.116839 0.024687 0.012849 0.442722 0.015915
0.199107 0.137803 0.017386 0.096998 0.035119 0.016976 0.483302 0.013311
0.367382 0.016144 0.000010 0.097917 0.004114 0.018268 0.485416 0.010749
0.166067 0.203367 0.019762 0.089210 0.004785 0.012858 0.489575 0.014377
0.205412 0.165585 0.009139 0.123374 0.021827 0.012710 0.453377 0.008577
0.144485 0.172778 0.023001 0.091746 0.026251 0.011719 0.511357 0.018663
0.201601 0.175437 0.003239 0.100261 0.006019 0.012998 0.474501 0.025944
0.167797 0.170690 0.034971 0.092340 0.051267 0.016037 0.455842 0.011057
0.158566 0.159156 0.031397 0.110886 0.037966 0.010620 0.486198 0.005211
0.170660 0.175369 0.031929 0.094771 0.018578 0.014995 0.477740 0.015958
0.207425 0.137719 0.005684 0.085011 0.022980 0.014875 0.508991 0.017315
0.191957 0.152282 0.023972 0.113235 0.038191 0.014683 0.452574 0.013105
0.170459 0.144639 0.035967 0.095099 0.037563 0.010408 0.498748 0.007116
0.164704 0.145300 0.043478 0.096073 0.015722 0.015437 0.507164 0.012122
0.179148 0.142561 0.028946 0.098972 0.026634 0.008737 0.498903 0.016099
0.203784 0.177578 0.025980 0.095390 0.017448 0.015828 0.460356 0.003636
0.130672 0.180735 0.038920 0.093545 0.021742 0.013153 0.511572 0.009661
0.186709 0.167515 0.020959 0.096327 0.041218 0.015411 0.461199 0.010663
0.161731 0.164235 0.035793 0.103965 0.021342 0.007534 0.503106 0.002293
0.395033 0.015145 0.000010 0.110772 0.000010 0.021463 0.449544 0.008023
0.357967 0.012736 0.000010 0.095862 0.007139 0.021155 0.499376 0.005755
0.259294 0.119343 0.000010 0.121146 0.015225 0.018723 0.466248 0.000010
0.118413 0.184469 0.038033 0.109768 0.024408 0.007835 0.500536 0.016538
0.176516 0.170788 0.010738 0.096407 0.024376 0.014256 0.491587 0.015332
0.156952 0.183273 0.019156 0.113268 0.030325 0.010951 0.469053 0.017022
0.161831 0.206881 0.062781 0.119284 0.036748 0.021805 0.363710 0.026961
0.178684 0.175436 0.031925 0.144972 0.043016 0.011608 0.409939 0.004421
0.292731 0.057544 0.009745 0.069052 0.029367 0.014722 0.509296 0.017543
0.293283 0.000010 0.000010 0.141350 0.000010 0.019280 0.515425 0.030633
0.258016 0.000010 0.000010 0.109389 0.003440 0.015243 0.591490 0.022402
0.285834 0.009083 0.000010 0.112651 0.008460 0.016363 0.556994 0.010605
0.286717 0.049712 0.000010 0.069814 0.000010 0.000010 0.557146 0.036582
0.314862 0.021407 0.000010 0.084677 0.011363 0.014118 0.540125 0.013437
0.173905 0.176964 0.058908 0.081567 0.021186 0.007202 0.463862 0.016407
0.193509 0.207346 0.019339 0.116452 0.013101 0.015697 0.419210 0.015345
0.210929 0.184404 0.040166 0.091788 0.020962 0.012797 0.419185 0.019769
0.337145 0.055575 0.000010 0.072705 0.018028 0.018601 0.478567 0.019370
0.307645 0.128255 0.019208 0.076262 0.035125 0.016560 0.399538 0.017407
0.179402 0.194390 0.031679 0.108627 0.012375 0.022858 0.431024 0.019644
0.158938 0.195695 0.085667 0.104671 0.040964 0.011332 0.374118 0.028614
0.223276 0.056686 0.003360 0.094564 0.005377 0.026151 0.574940 0.015645
0.176282 0.172860 0.034798 0.126508 0.016834 0.012915 0.444023 0.015780
0.190550 0.192104 0.026357 0.109547 0.031990 0.018130 0.428855 0.002467
0.122054 0.193388 0.054352 0.104479 0.023702 0.013080 0.468406 0.020539
0.117705 0.189531 0.040267 0.095455 0.038974 0.009781 0.486469 0.021818
0.364991 0.006832 0.008109 0.090174 0.006479 0.019549 0.498389 0.005477
0.189621 0.167774 0.026393 0.094648 0.020164 0.013133 0.471586 0.016681
0.366722 0.000383 0.002300 0.091366 0.010235 0.015514 0.500165 0.013314
0.369799 0.008081 0.000010 0.103537 0.000010 0.018758 0.485181 0.014624
0.334234 0.012937 0.000010 0.098400 0.000010 0.018877 0.521227 0.014306
0.153566 0.176400 0.040817 0.108681 0.032431 0.010728 0.463050 0.014326
0.235936 0.093987 0.019113 0.168752 0.016583 0.014745 0.450873 0.000010
0.184852 0.156680 0.012323 0.081723 0.000010 0.015144 0.534287 0.014980
0.159023 0.152971 0.029024 0.091633 0.020361 0.013353 0.515041 0.018594
0.189362 0.201187 0.044904 0.096074 0.021178 0.013492 0.426427 0.007374
0.222051 0.145205 0.012487 0.099886 0.000010 0.015224 0.487371 0.017767
0.212403 0.149812 0.009888 0.090852 0.023060 0.009254 0.481006 0.023724
0.367455 0.020449 0.001486 0.093674 0.007905 0.019120 0.484858 0.005054
0.365961 0.010612 0.000010 0.095097 0.010098 0.012930 0.493590 0.011702
0.344361 0.012358 0.004288 0.102555 0.003942 0.015644 0.505770 0.011081
0.181993 0.141548 0.025775 0.110151 0.047251 0.017361 0.464802 0.011119
0.362670 0.011576 0.000010 0.097839 0.000010 0.015521 0.512364 0.000010
0.339413 0.012935 0.000010 0.107859 0.009322 0.022924 0.498042 0.009495
0.298089 0.014690 0.000010 0.195796 0.003695 0.018396 0.468593 0.000731
0.185039 0.207115 0.039064 0.096883 0.015469 0.015996 0.435341 0.005093
0.337801 0.007138 0.000010 0.118880 0.000010 0.009576 0.504963 0.021623
0.204370 0.165376 0.023882 0.107485 0.031713 0.035578 0.413211 0.018384
0.246178 0.138610 0.005456 0.074408 0.016648 0.012347 0.478559 0.027794
0.180653 0.182107 0.039664 0.087023 0.024395 0.015546 0.462636 0.007976
0.276751 0.095355 0.024698 0.073447 0.042311 0.019631 0.467797 0.000010
0.287152 0.064799 0.000010 0.067951 0.014851 0.011169 0.529777 0.024290
0.197837 0.213520 0.020792 0.108083 0.004389 0.009345 0.434810 0.011224
0.161105 0.170553 0.033199 0.123290 0.031298 0.013094 0.456816 0.010644
0.181775 0.213085 0.039657 0.092909 0.004140 0.012836 0.448675 0.006922
0.211635 0.164452 0.022655 0.109418 0.021481 0.009897 0.454967 0.005495
0.161585 0.212024 0.027789 0.113215 0.022792 0.016046 0.437800 0.008749
0.162495 0.197704 0.046181 0.098930 0.018217 0.013693 0.457659 0.005121
0.181615 0.200662 0.021380 0.104245 0.016484 0.006721 0.450245 0.018646
0.214108 0.181333 0.001379 0.110092 0.000010 0.021899 0.464751 0.006427
0.392598 0.000010 0.000010 0.106983 0.012115 0.027181 0.447029 0.014074
0.191595 0.165759 0.008801 0.105537 0.017055 0.013640 0.483780 0.013832
0.218633 0.161152 0.000010 0.088845 0.009443 0.010145 0.500125 0.011647
0.194015 0.157863 0.020510 0.103775 0.040016 0.017804 0.455392 0.010625
0.131775 0.143222 0.036434 0.087505 0.054001 0.009598 0.533889 0.003577
0.194678 0.171181 0.031954 0.120541 0.021044 0.010709 0.430125 0.019769
0.185858 0.198298 0.026362 0.126160 0.026721 0.019845 0.413907 0.002849
0.207690 0.185782 0.006780 0.128503 0.010630 0.009628 0.435748 0.015240
0.202265 0.174330 0.010357 0.091349 0.006447 0.008328 0.487197 0.019726
0.145224 0.228754 0.031234 0.105252 0.000010 0.017672 0.463073 0.008782
0.195274 0.173158 0.012878 0.100709 0.040303 0.010563 0.447180 0.019934
0.224241 0.171296 0.034843 0.114262 0.010087 0.010733 0.425740 0.008799
0.203993 0.207269 0.018474 0.115338 0.027462 0.012468 0.392852 0.022145
0.355580 0.006046 0.006339 0.111179 0.003451 0.016583 0.487899 0.012924
0.204843 0.192684 0.050930 0.091355 0.020933 0.015012 0.411315 0.012928
0.171497 0.175807 0.041938 0.097027 0.018882 0.014827 0.480011 0.000010
0.338073 0.007124 0.000010 0.098347 0.002848 0.016882 0.531058 0.005658
0.347476 0.006660 0.000010 0.095768 0.000010 0.018770 0.523881 0.007424
0.368080 0.016473 0.000010 0.121722 0.008730 0.020750 0.452594 0.011640
0.390174 0.017315 0.000010 0.096030 0.006402 0.021665 0.462895 0.005508
0.354390 0.003542 0.001912 0.085529 0.008756 0.020972 0.520893 0.004006
0.158938 0.179353 0.056389 0.079772 0.025728 0.008182 0.481049 0.010589
0.337576 0.008974 0.000010 0.102328 0.000733 0.017859 0.520902 0.011618
0.328055 0.017547 0.000010 0.093438 0.000010 0.016541 0.537440 0.006959
0.159898 0.134153 0.020730 0.104148 0.033306 0.016212 0.531543 0.000010
0.135139 0.171150 0.041681 0.106318 0.027702 0.011143 0.489276 0.017590
0.201928 0.138388 0.008788 0.082809 0.032904 0.012524 0.510941 0.011718
0.346810 0.010541 0.000010 0.123692 0.010860 0.017500 0.481818 0.008770
0.327003 0.017591 0.001393 0.118149 0.000010 0.011270 0.517606 0.006978
0.305883 0.017231 0.000010 0.163353 0.003954 0.013233 0.490357 0.005979
0.352114 0.024373 0.001590 0.089270 0.006972 0.022911 0.502760 0.000010
0.133438 0.275660 0.064205 0.094395 0.035007 0.016893 0.357127 0.023276
0.167993 0.187616 0.029790 0.076535 0.001767 0.009468 0.515251 0.011581
0.172402 0.170674 0.008648 0.090263 0.010715 0.016370 0.523760 0.007167
0.179867 0.140641 0.041198 0.085960 0.035834 0.020398 0.488235 0.007867
0.355070 0.020536 0.000010 0.112952 0.000010 0.021173 0.482244 0.008004
0.354025 0.008953 0.000010 0.140559 0.017262 0.018184 0.448533 0.012474
0.368255 0.010509 0.000010 0.099369 0.012161 0.011846 0.481530 0.016319
0.366408 0.014093 0.000010 0.123699 0.001957 0.018397 0.466994 0.008442
0.314513 0.015915 0.005317 0.159467 0.000010 0.018635 0.474850 0.011293
0.387341 0.008383 0.000010 0.113148 0.000010 0.020115 0.464312 0.006680
0.164282 0.167526 0.046037 0.096639 0.023184 0.016706 0.480977 0.004649
0.116918 0.176070 0.062213 0.101955 0.030259 0.010106 0.486931 0.015548
0.388269 0.024635 0.000010 0.102075 0.001725 0.018520 0.458521 0.006246
0.325739 0.036951 0.025004 0.033543 0.096453 0.018798 0.443648 0.019863
0.269531 0.195909 0.010519 0.058262 0.000010 0.014303 0.441785 0.009681
0.207314 0.138390 0.000010 0.119364 0.018007 0.022853 0.483182 0.010879
0.157029 0.150979 0.024441 0.119351 0.017168 0.014734 0.500263 0.016034
0.137441 0.117363 0.044152 0.120251 0.028997 0.028877 0.497458 0.025461
0.199110 0.148683 0.000010 0.117045 0.014805 0.009976 0.501014 0.009357
0.198535 0.137682 0.045260 0.070525 0.043763 0.016597 0.475437 0.012201
0.385637 0.000012 0.000010 0.088182 0.000010 0.007506 0.497122 0.021523
0.400442 0.011517 0.006698 0.079410 0.021234 0.015612 0.451057 0.014030
0.391196 0.023143 0.000010 0.047385 0.000010 0.024443 0.507941 0.005872
0.324644 0.000010 0.000010 0.090298 0.032744 0.017809 0.507599 0.026886
0.354396 0.011059 0.001816 0.115509 0.012190 0.018699 0.482517 0.003814
0.375653 0.017831 0.000010 0.098642 0.004843 0.021013 0.481999 0.000010
0.240376 0.142025 0.000010 0.064598 0.000010 0.019296 0.511082 0.022603
0.158102 0.148297 0.029821 0.081517 0.007584 0.005403 0.541833 0.027443
0.115612 0.205176 0.038601 0.084134 0.006167 0.009783 0.520169 0.020358
0.089440 0.170203 0.053602 0.127469 0.008186 0.031054 0.520036 0.000010
0.159105 0.216439 0.002464 0.076860 0.014142 0.012174 0.494680 0.024135
0.264999 0.125651 0.019290 0.074082 0.018353 0.022384 0.460548 0.014692
0.226194 0.123786 0.018228 0.091163 0.019917 0.013360 0.491211 0.016142
0.209584 0.132357 0.012725 0.083446 0.015350 0.013511 0.524404 0.008623
0.229021 0.151530 0.017300 0.090445 0.000010 0.018032 0.484345 0.009316
0.183942 0.161333 0.036163 0.075300 0.027070 0.015866 0.477371 0.022955
0.223657 0.127059 0.014820 0.105067 0.020888 0.009615 0.491454 0.007440
0.166253 0.154312 0.045908 0.123853 0.010024 0.009772 0.477909 0.011969
0.416857 0.018513 0.000010 0.043346 0.000010 0.018629 0.499500 0.003135
0.428764 0.023389 0.000010 0.042882 0.015649 0.021738 0.467560 0.000010
0.168234 0.208770 0.028903 0.105027 0.000010 0.004485 0.477051 0.007521
0.245711 0.170502 0.015905 0.083949 0.019689 0.015489 0.430087 0.018666
0.156143 0.181785 0.041931 0.115090 0.027915 0.015916 0.446340 0.014880
0.124178 0.182726 0.061584 0.119244 0.023713 0.013090 0.461285 0.014180
0.179393 0.193091 0.013323 0.087886 0.019275 0.012789 0.486736 0.007506
0.262378 0.211744 0.043935 0.108770 0.000010 0.020697 0.343347 0.009119
0.213793 0.168419 0.068078 0.117292 0.031597 0.022849 0.369367 0.008605
0.161738 0.216494 0.024981 0.096926 0.010469 0.021776 0.465458 0.002159
0.233218 0.135300 0.000010 0.065371 0.057213 0.009150 0.488773 0.010966
0.165768 0.147528 0.032178 0.124594 0.020074 0.007486 0.494990 0.007382
0.194127 0.242541 0.005944 0.101226 0.001493 0.012360 0.422205 0.020104
0.300913 0.098277 0.002346 0.058952 0.000010 0.013351 0.507953 0.018198
0.189782 0.132708 0.005587 0.126072 0.022907 0.013231 0.499457 0.010256
0.240388 0.175327 0.011628 0.069561 0.024413 0.009553 0.463100 0.006030
0.193706 0.173178 0.020923 0.107220 0.016576 0.014750 0.464352 0.009296
0.136182 0.220701 0.061629 0.105969 0.012444 0.013540 0.449183 0.000352
0.148017 0.207881 0.044841 0.116226 0.012286 0.012774 0.447557 0.010417
0.244982 0.142650 0.000010 0.128615 0.017337 0.017737 0.436026 0.012643
0.212550 0.179457 0.036771 0.103064 0.019685 0.017579 0.416399 0.014496
0.293732 0.115798 0.000010 0.116304 0.031869 0.016738 0.410364 0.015185
0.211368 0.250870 0.053750 0.089623 0.000010 0.014122 0.365260 0.014997
0.116722 0.230309 0.027489 0.104024 0.030177 0.016558 0.460203 0.014518
0.132284 0.166742 0.053980 0.098377 0.033815 0.014424 0.493583 0.006795
0.160642 0.187602 0.040582 0.109322 0.027090 0.021445 0.452452 0.000865
0.151512 0.193833 0.033024 0.107614 0.016774 0.015088 0.469672 0.012483
0.202619 0.148514 0.022494 0.096946 0.018126 0.014588 0.488835 0.007878
0.146838 0.169772 0.037890 0.101549 0.025975 0.013639 0.494464 0.009872
0.218845 0.120488 0.016003 0.095609 0.007987 0.010631 0.501650 0.028788
0.384545 0.028447 0.000010 0.075557 0.000010 0.021070 0.482703 0.007658
0.370128 0.000010 0.000010 0.081340 0.000010 0.030200 0.518291 0.000010
0.347221 0.012702 0.000010 0.090536 0.008028 0.019811 0.521682 0.000010
0.384175 0.010585 0.000010 0.108679 0.000010 0.027208 0.461592 0.007741
0.150997 0.163798 0.030432 0.122451 0.031413 0.012550 0.480683 0.007676
0.321764 0.000010 0.000010 0.122168 0.005370 0.025550 0.525118 0.000010
0.091423 0.203722 0.064427 0.092159 0.025643 0.003732 0.498196 0.020698
0.133583 0.216104 0.056232 0.107002 0.040886 0.006004 0.425530 0.014659
0.221907 0.174525 0.009803 0.085482 0.013456 0.016508 0.462540 0.015779
0.197687 0.181740 0.037392 0.096340 0.013313 0.025493 0.448026 0.000010
0.134572 0.208322 0.056365 0.071977 0.048187 0.015322 0.450405 0.014851
0.173292 0.151394 0.048739 0.114461 0.033770 0.016548 0.445172 0.016624
0.166458 0.138728 0.020842 0.091331 0.014768 0.010852 0.540635 0.016388
0.178559 0.121662 0.008270 0.081850 0.060399 0.014622 0.519969 0.014668
0.248114 0.059434 0.000010 0.086176 0.020789 0.011922 0.561057 0.012497
0.214214 0.171075 0.003078 0.075287 0.019890 0.012921 0.485615 0.017922
0.205670 0.152301 0.014330 0.110703 0.051609 0.015191 0.441298 0.008898
0.156500 0.255392 0.041675 0.101776 0.008834 0.018256 0.407177 0.010390
0.180127 0.164822 0.034167 0.093900 0.054302 0.009697 0.437761 0.025224
0.294573 0.114912 0.000010 0.103659 0.000682 0.013388 0.462280 0.010496
0.371895 0.020013 0.000010 0.111370 0.000010 0.027143 0.447042 0.022516
0.149508 0.207141 0.022700 0.167777 0.022820 0.019550 0.401448 0.009057
0.169752 0.242445 0.005177 0.121989 0.003336 0.012360 0.435991 0.008950
0.281849 0.111097 0.002248 0.079597 0.038196 0.022614 0.453048 0.011351
0.254508 0.141345 0.000010 0.075469 0.008815 0.019652 0.490458 0.009744
0.163219 0.169015 0.031559 0.108437 0.040449 0.014189 0.460398 0.012734
0.325606 0.022520 0.000010 0.107345 0.010182 0.016202 0.518125 0.000010
0.389852 0.027643 0.000010 0.103675 0.000010 0.000010 0.467551 0.011249
0.189245 0.160098 0.026149 0.112052 0.011562 0.013145 0.468284 0.019465
0.230611 0.144473 0.011871 0.085287 0.021697 0.015872 0.470158 0.020031
0.353430 0.009339 0.000010 0.095097 0.000010 0.029567 0.495837 0.016711
0.355626 0.016806 0.000010 0.104603 0.006478 0.029831 0.485407 0.001240
0.368267 0.012567 0.000010 0.123623 0.004213 0.015432 0.465362 0.010525
0.267750 0.146563 0.014096 0.111008 0.008965 0.014440 0.433578 0.003601
0.247179 0.123352 0.000010 0.105474 0.017922 0.015931 0.485938 0.004193
0.159081 0.121271 0.033548 0.089496 0.019073 0.016931 0.546377 0.014224
0.174378 0.209775 0.026171 0.105193 0.014138 0.005986 0.453703 0.010656
0.291649 0.031810 0.000010 0.082585 0.012822 0.020470 0.553531 0.007123
0.263629 0.084408 0.000010 0.105664 0.024196 0.015603 0.506480 0.000010
0.330791 0.003843 0.000010 0.079348 0.013890 0.015882 0.538684 0.017552
0.359123 0.018574 0.000010 0.104500 0.000559 0.020154 0.489478 0.007603
0.342281 0.007945 0.000010 0.109575 0.011538 0.018296 0.507968 0.002386
0.387385 0.006821 0.005384 0.092377 0.011396 0.017931 0.478696 0.000010
0.351670 0.023686 0.002929 0.128061 0.000010 0.018938 0.458695 0.016012
0.160872 0.234780 0.053135 0.099910 0.012268 0.015389 0.421830 0.001817
0.167416 0.180982 0.050173 0.095232 0.033796 0.020299 0.443345 0.008757
0.147187 0.194706 0.052402 0.118090 0.017698 0.012494 0.437267 0.020156
0.150648 0.175579 0.076067 0.066081 0.049613 0.013107 0.449262 0.019643
0.153893 0.185089 0.031830 0.100329 0.036498 0.013390 0.461382 0.017589
0.164996 0.190338 0.026455 0.103413 0.027859 0.012667 0.455817 0.018455
0.346381 0.012938 0.003150 0.115307 0.014125 0.019526 0.476074 0.012500
0.359899 0.004688 0.005236 0.102574 0.002583 0.013259 0.497683 0.014078
0.142001 0.189728 0.030589 0.094808 0.043897 0.013992 0.468236 0.016749
0.155320 0.194164 0.037250 0.089245 0.023858 0.012133 0.469306 0.018724
0.172417 0.155195 0.031624 0.093404 0.029309 0.009490 0.478795 0.029766
0.368493 0.015163 0.000010 0.100254 0.005897 0.015636 0.480262 0.014286
0.108651 0.144012 0.022622 0.059028 0.031574 0.029158 0.593843 0.011112
0.161505 0.162256 0.033000 0.085529 0.012103 0.016714 0.515543 0.013350
0.360760 0.025497 0.000010 0.127422 0.007293 0.024491 0.454517 0.000010
0.314934 0.070197 0.000010 0.034992 0.037281 0.024383 0.511326 0.006878
0.080710 0.066643 0.000010 0.501527 0.021693 0.020348 0.301818 0.007250
0.099621 0.127430 0.006771 0.450399 0.011896 0.018098 0.281319 0.004466
0.028223 0.247766 0.042876 0.077865 0.028909 0.042385 0.496342 0.035633
0.091878 0.160192 0.020047 0.429516 0.008878 0.026618 0.241116 0.021755
0.180381 0.199810 0.012485 0.156458 0.027699 0.011252 0.398189 0.013726
0.159538 0.150708 0.009879 0.161319 0.021950 0.022955 0.465724 0.007926
0.139285 0.169040 0.013513 0.162066 0.034427 0.016993 0.455359 0.009317
0.117579 0.153555 0.042797 0.165949 0.036445 0.017542 0.466122 0.000010
0.130717 0.161412 0.024563 0.161928 0.026885 0.026866 0.457315 0.010315
0.111594 0.159191 0.022444 0.147031 0.020858 0.015924 0.509871 0.013087
0.122914 0.151140 0.037628 0.179055 0.029497 0.023892 0.454359 0.001514
0.124060 0.131430 0.021857 0.167635 0.039747 0.016376 0.482430 0.016465
0.139034 0.177654 0.023901 0.180829 0.028593 0.010866 0.433369 0.005753
0.054944 0.068249 0.000010 0.488061 0.054773 0.019897 0.314055 0.000010
0.042894 0.063490 0.001428 0.490112 0.032562 0.018707 0.345465 0.005341
0.032964 0.095104 0.000010 0.483806 0.019512 0.011524 0.345317 0.011762
0.059856 0.065694 0.013487 0.459662 0.045057 0.017912 0.338321 0.000010
0.079774 0.205588 0.048986 0.058258 0.015184 0.041751 0.541444 0.009014
0.305787 0.019180 0.000010 0.114207 0.004526 0.033805 0.487791 0.034694
0.137283 0.197508 0.058714 0.090250 0.026472 0.007905 0.467790 0.014077
0.109752 0.228037 0.036881 0.091190 0.000010 0.013313 0.501702 0.019116
0.061346 0.321039 0.055162 0.099834 0.021040 0.018520 0.416101 0.006958
0.067003 0.066805 0.001028 0.500235 0.027578 0.021863 0.308574 0.006915
0.120515 0.185006 0.030441 0.195648 0.032258 0.024539 0.411584 0.000010
0.061396 0.059748 0.004959 0.525832 0.012224 0.023727 0.305594 0.006521
0.053016 0.277231 0.039311 0.324687 0.000010 0.013525 0.271812 0.020409
0.055056 0.309557 0.000010 0.386171 0.011424 0.013357 0.197451 0.026973
0.134088 0.133510 0.000010 0.150160 0.072009 0.011859 0.475964 0.022401
0.126493 0.155848 0.027179 0.131818 0.014630 0.014688 0.506863 0.022480
0.021872 0.424857 0.019202 0.293633 0.007930 0.007854 0.184093 0.040560
0.042248 0.197906 0.010561 0.451613 0.016087 0.012067 0.254680 0.014839
0.000010 0.220592 0.000010 0.384911 0.008804 0.000010 0.354990 0.030673
0.000010 0.260134 0.011898 0.388616 0.000010 0.004308 0.279895 0.055128
0.022088 0.061243 0.000010 0.445608 0.000010 0.000010 0.438887 0.032144
0.004211 0.143327 0.000257 0.494510 0.003543 0.001730 0.338616 0.013806
0.443765 0.019255 0.000010 0.017285 0.010054 0.021459 0.472494 0.015679
0.375739 0.017667 0.003610 0.019734 0.013556 0.020532 0.526803 0.022360
0.369628 0.024069 0.000010 0.043819 0.000010 0.013216 0.522522 0.026725
0.400656 0.030887 0.000010 0.033595 0.011306 0.018114 0.505422 0.000010
0.426082 0.032333 0.000010 0.053888 0.002569 0.026481 0.451554 0.007083
0.395162 0.021620 0.000010 0.083867 0.005645 0.022442 0.466064 0.005190
0.465777 0.016408 0.000010 0.048942 0.014259 0.016349 0.424976 0.013279
0.385331 0.030818 0.000010 0.064706 0.010079 0.019963 0.485798 0.003293
0.398442 0.028046 0.000010 0.069702 0.009331 0.018806 0.475652 0.000010
0.341213 0.043766 0.000010 0.077622 0.005800 0.025943 0.484533 0.021113
0.401528 0.000010 0.000010 0.052484 0.011414 0.025394 0.509150 0.000010
0.400688 0.023246 0.002510 0.040915 0.000010 0.025370 0.497925 0.009336
0.391640 0.016853 0.002478 0.058195 0.000010 0.022691 0.500194 0.007939
0.407442 0.021636 0.000010 0.050636 0.003864 0.020827 0.493715 0.001870
0.430070 0.012169 0.000010 0.026969 0.017749 0.019292 0.475610 0.018131
0.356663 0.015298 0.000010 0.040210 0.008000 0.017686 0.547062 0.015071
0.342597 0.018629 0.000010 0.128913 0.001243 0.020380 0.471242 0.016986
0.323760 0.025057 0.000010 0.145758 0.000162 0.018163 0.468482 0.018608
0.442628 0.019735 0.000010 0.012882 0.015334 0.020763 0.467106 0.021542
0.461976 0.013767 0.003276 0.017517 0.000010 0.014726 0.475400 0.013328
0.394408 0.023343 0.000010 0.026900 0.001615 0.019875 0.531029 0.002819
0.435408 0.050452 0.000010 0.053992 0.000010 0.024112 0.423567 0.012448
0.448698 0.020006 0.000010 0.000010 0.008170 0.022432 0.487803 0.012871
0.410418 0.011558 0.008862 0.013267 0.000010 0.022371 0.522886 0.010628
0.424851 0.025224 0.000010 0.034614 0.000010 0.027465 0.487816 0.000010
0.441660 0.014791 0.000010 0.021359 0.000010 0.021843 0.496474 0.003853
0.445263 0.019385 0.000010 0.014040 0.008539 0.024587 0.482100 0.006076
0.407443 0.040828 0.000010 0.059392 0.000010 0.023223 0.469084 0.000010
0.445670 0.039066 0.000010 0.033566 0.000010 0.015028 0.461299 0.005352
0.386286 0.010529 0.001626 0.053875 0.002355 0.017306 0.518757 0.009266
0.405367 0.012138 0.000010 0.054004 0.003392 0.021145 0.495449 0.008495
0.431277 0.006958 0.000010 0.050695 0.013501 0.020668 0.465171 0.011720
0.476500 0.021340 0.000010 0.059477 0.015434 0.021857 0.387494 0.017887
0.468274 0.013880 0.002268 0.018585 0.024443 0.026959 0.428123 0.017468
0.248718 0.019034 0.000156 0.243463 0.000010 0.016828 0.471781 0.000010
0.238058 0.009941 0.000010 0.219112 0.010842 0.012936 0.499379 0.009722
0.100270 0.025263 0.000010 0.431791 0.006554 0.008566 0.427535 0.000010
0.425247 0.000010 0.000010 0.018662 0.036661 0.017720 0.501679 0.000010
0.425080 0.005127 0.000010 0.041546 0.003865 0.019540 0.495274 0.009558
0.395747 0.020782 0.000010 0.051085 0.000010 0.023169 0.509186 0.000010
0.414037 0.024851 0.000010 0.038298 0.001899 0.008961 0.492224 0.019721
0.396716 0.031853 0.000010 0.049117 0.000010 0.011137 0.491253 0.019905
0.432195 0.033151 0.000010 0.054362 0.000010 0.025886 0.437111 0.017276
0.377693 0.024777 0.000010 0.043737 0.000010 0.030549 0.516031 0.007193
